2.0
4.8
4.17
3.71
3.56
3.3
3.25
3.08
2.93
3.13
3.0
3.43
3.73
3.76
3.7
3.58
3.48
3.38
3.37
3.29
3.21
3.13
3.43
3.37
3.31
3.35
3.49
3.48
3.47
3.41
3.36
3.34
3.29
3.37
3.32
3.27
3.39
3.45
3.4
3.36
3.35
3.3
3.26
3.23
3.33
3.35
3.32
3.39
3.36
3.35
3.31
3.31
3.3
3.35
3.32
3.28
3.28
3.3
3.45
3.42
3.41
3.4
3.4
3.42
3.42
3.46
3.56
3.66
3.69
3.69
3.73
3.7
3.67
3.67
3.71
3.7
3.67
3.64
3.64
3.62
3.59
3.57
3.56
3.53
3.51
3.49
3.48
3.55
3.55
3.53
3.5
3.54
3.58
3.56
3.55
3.53
3.56
3.59
3.59
3.63
3.64
3.67
3.67
3.68
3.69
3.67
3.65
3.64
3.69
3.67
3.65
3.68
3.65
3.72
3.71
3.81
3.81
3.79
3.79
3.78
3.77
3.75
3.74
3.73
3.71
3.69
3.69
3.68
3.71
3.72
3.72
3.75
3.74
3.73
3.71
3.71
3.69
3.69
3.7
3.74
3.78
3.76
3.75
3.77
3.78
3.77
3.75
3.77
3.79
3.81
3.82
3.81
3.8
3.79
3.79
3.77
3.76
3.78
3.76
3.75
3.76
3.74
3.73
3.74
3.73
3.71
3.85
3.85
3.84
3.93
3.92
3.92
3.91
3.93
3.91
3.9
3.88
3.87
3.88
3.89
3.88
3.86
3.85
3.84
3.83
3.82
3.81
3.71
3.68
3.72
3.73
3.65
3.64
3.53
3.52
3.52
3.51
3.53
3.54
3.53
3.53
3.52
3.53
3.54
3.53
3.62
3.62
3.63
3.63
3.62
3.51
3.5
3.4
3.39
3.4
3.36
3.38
3.4
3.32
3.32
3.32
3.28
3.29
3.26
3.26
3.27
3.29
3.29
3.3
3.23
3.24
3.25
3.34
3.3
3.32
3.33
3.33
3.3
3.29
3.28
3.25
3.25
3.24
3.24
3.23
3.22
3.23
3.22
3.23
3.22
3.16
2.99
2.99
2.98
2.98
2.98
2.99
2.99
3.02
3.02
2.98
3.0
3.01
3.01
3.03
3.04
3.04
3.05
3.04
3.03
3.04
3.04
3.04
3.03
3.03
3.02
3.01
3.03
2.96
2.96
2.95
2.96
2.96
2.96
2.95
2.93
2.93
2.92
2.92
2.96
2.98
2.89
2.89
2.89
2.88
2.86
2.87
2.84
2.83
2.83
2.84
2.8
2.75
2.75
2.76
2.73
2.72
2.73
2.72
2.72
2.61
2.61
2.68
2.64
2.66
2.65
2.65
2.65
2.66
2.66
2.65
2.58
2.57
2.57
2.54
2.53
2.55
2.56
2.56
2.55
2.55
2.51
2.52
2.47
2.47
2.45
2.44
2.45
2.45
2.4
2.4
2.41
2.41
2.4
2.4
2.4
2.41
2.41
2.41
2.4
2.4
2.41
2.41
2.41
2.41
2.38
2.39
2.4
2.38
2.4
2.39
2.4
2.4
2.4
2.38
2.38
2.37
2.37
2.27
2.17
2.17
2.17
2.17
2.17
2.18
2.18
2.17
2.17
2.2
2.2
2.2
2.19
2.19
2.19
2.19
2.16
2.15
2.16
2.16
2.16
2.17
2.18
2.18
2.16
2.16
2.13
2.13
2.13
2.13
2.12
1.96
1.97
1.96
1.96
1.98
1.97
1.97
1.97
1.92
1.92
1.92
1.93
1.92
1.92
1.92
1.92
1.92
1.92
1.9
1.9
1.9
1.81
1.81
1.81
1.82
1.78
1.78
1.78
1.78
1.78
1.77
1.77
1.77
1.77
1.77
1.66
1.66
1.64
1.64
1.66
1.63
1.63
1.63
1.65
1.66
1.68
1.65
1.65
1.65
1.61
1.56
1.57
1.57
1.53
1.54
1.53
1.54
1.54
1.57
1.56
1.56
1.53
1.54
1.54
1.49
1.52
1.59
1.58
1.67
1.71
1.71
1.71
1.72
1.71
1.72
1.73
1.73
1.74
1.74
1.74
1.74
1.73
1.73
1.73
1.75
1.75
1.75
1.73
1.73
1.74
1.74
1.67
1.73
1.72
1.69
1.69
1.69
1.68
1.68
1.68
1.69
1.69
1.68
1.68
1.69
1.69
1.7
1.7
1.64
1.62
1.62
1.63
1.62
1.62
1.62
1.62
1.61
1.61
1.61
1.6
1.61
1.61
1.58
1.58
1.57
1.57
1.58
1.55
1.54
1.51
1.5
1.57
1.58
1.58
1.57
1.56
1.56
1.56
1.57
1.56
1.56
1.57
1.57
1.55
1.55
1.56
1.57
1.52
1.54
1.54
1.54
1.54
1.54
1.52
1.52
1.54
1.53
1.53
1.57
1.58
1.58
1.6
1.57
1.57
1.58
1.58
1.54
1.55
1.55
1.55
1.55
1.55
1.53
1.53
1.54
1.54
1.54
1.54
1.56
1.57
1.57
1.57
1.57
1.57
1.55
1.58
1.58
1.58
1.58
1.58
